vesselCount = 13
UT = 256782.96224619774
gameMode = CAREER
gameNull = False
kspVersion = 1.12.0
funds = 3384947.8642860721
science = 163
reputationPercent = 87
ongoingContracts = 14
missionCurrentScore = 0
missionIsStarted = False
missionIsEnded = False
missionHistoryId = 00000000-0000-0000-0000-000000000000
missionExpansionVersion = 
saveMD5 = 
lastWriteTime = 637605718170000000
