vesselCount = 10
UT = 193026.61442734604
gameMode = CAREER
gameNull = False
kspVersion = 1.11.0
funds = 934145.97847404378
science = 220
reputationPercent = 75
ongoingContracts = 15
missionCurrentScore = 0
missionIsStarted = False
missionIsEnded = False
missionHistoryId = 00000000-0000-0000-0000-000000000000
missionExpansionVersion = 
saveMD5 = 
lastWriteTime = 637451040230000000
