vesselCount = 19
UT = 447398.58620824123
gameMode = CAREER
gameNull = False
kspVersion = 1.12.2
funds = 6432454.4591640923
science = 57
reputationPercent = 89
ongoingContracts = 13
missionCurrentScore = 0
missionIsStarted = False
missionIsEnded = False
missionHistoryId = 00000000-0000-0000-0000-000000000000
missionExpansionVersion = 
saveMD5 = 
lastWriteTime = 637636536750000000
