vesselCount = 19
UT = 344363.15456696338
gameMode = CAREER
gameNull = False
kspVersion = 1.12.1
funds = 6039247.6764477789
science = 253
reputationPercent = 89
ongoingContracts = 14
missionCurrentScore = 0
missionIsStarted = False
missionIsEnded = False
missionHistoryId = 00000000-0000-0000-0000-000000000000
missionExpansionVersion = 
saveMD5 = 
lastWriteTime = 637624410210000000
