vesselCount = 12
UT = 251276.50231132936
gameMode = CAREER
gameNull = False
kspVersion = 1.12.0
funds = 3446239.8642860721
science = 158
reputationPercent = 87
ongoingContracts = 14
missionCurrentScore = 0
missionIsStarted = False
missionIsEnded = False
missionHistoryId = 00000000-0000-0000-0000-000000000000
missionExpansionVersion = 
saveMD5 = 
lastWriteTime = 637601964620000000
