vesselCount = 7
UT = 135302.70004069444
gameMode = CAREER
gameNull = False
kspVersion = 1.11.0
funds = 752552.74797186872
science = 206
reputationPercent = 71
ongoingContracts = 10
missionCurrentScore = 0
missionIsStarted = False
missionIsEnded = False
missionHistoryId = 00000000-0000-0000-0000-000000000000
missionExpansionVersion = 
saveMD5 = 
lastWriteTime = 637438695310000000
