vesselCount = 20
UT = 347781.89922846336
gameMode = CAREER
gameNull = False
kspVersion = 1.12.1
funds = 5967669.1686352789
science = 253
reputationPercent = 89
ongoingContracts = 14
missionCurrentScore = 0
missionIsStarted = False
missionIsEnded = False
missionHistoryId = 00000000-0000-0000-0000-000000000000
missionExpansionVersion = 
saveMD5 = 
lastWriteTime = 637625285540000000
