vesselCount = 8
UT = 215013.7870350898
gameMode = CAREER
gameNull = False
kspVersion = 1.11.0
funds = 586981.4571746008
science = 79
reputationPercent = 77
ongoingContracts = 14
missionCurrentScore = 0
missionIsStarted = False
missionIsEnded = False
missionHistoryId = 00000000-0000-0000-0000-000000000000
missionExpansionVersion = 
saveMD5 = 
lastWriteTime = 637452554130000000
