vesselCount = 6
UT = 208012.68358155381
gameMode = CAREER
gameNull = False
kspVersion = 1.11.0
funds = 805194.96996428864
science = 197
reputationPercent = 76
ongoingContracts = 14
missionCurrentScore = 0
missionIsStarted = False
missionIsEnded = False
missionHistoryId = 00000000-0000-0000-0000-000000000000
missionExpansionVersion = 
saveMD5 = 
lastWriteTime = 637452039000000000
