vesselCount = 19
UT = 376190.41270171857
gameMode = CAREER
gameNull = False
kspVersion = 1.12.1
funds = 5991723.2135771811
science = 146
reputationPercent = 89
ongoingContracts = 14
missionCurrentScore = 0
missionIsStarted = False
missionIsEnded = False
missionHistoryId = 00000000-0000-0000-0000-000000000000
missionExpansionVersion = 
saveMD5 = 
lastWriteTime = 637628760120000000
