vesselCount = 16
UT = 289741.80720516987
gameMode = CAREER
gameNull = False
kspVersion = 1.12.1
funds = 4667760.9228500463
science = 551
reputationPercent = 88
ongoingContracts = 15
missionCurrentScore = 0
missionIsStarted = False
missionIsEnded = False
missionHistoryId = 00000000-0000-0000-0000-000000000000
missionExpansionVersion = 
saveMD5 = 
lastWriteTime = 637613203960000000
