vesselCount = 13
UT = 272976.730796644
gameMode = CAREER
gameNull = False
kspVersion = 1.12.1
funds = 4302529.9021527376
science = 487
reputationPercent = 88
ongoingContracts = 15
missionCurrentScore = 0
missionIsStarted = False
missionIsEnded = False
missionHistoryId = 00000000-0000-0000-0000-000000000000
missionExpansionVersion = 
saveMD5 = 
lastWriteTime = 637610579680000000
