vesselCount = 17
UT = 307574.35588531749
gameMode = CAREER
gameNull = False
kspVersion = 1.12.1
funds = 4840125.0560623882
science = 583
reputationPercent = 88
ongoingContracts = 15
missionCurrentScore = 0
missionIsStarted = False
missionIsEnded = False
missionHistoryId = 00000000-0000-0000-0000-000000000000
missionExpansionVersion = 
saveMD5 = 
lastWriteTime = 637616655670000000
