vesselCount = 20
UT = 447584.92620841478
gameMode = CAREER
gameNull = False
kspVersion = 1.12.2
funds = 6508862.4046326131
science = 65
reputationPercent = 89
ongoingContracts = 14
missionCurrentScore = 0
missionIsStarted = False
missionIsEnded = False
missionHistoryId = 00000000-0000-0000-0000-000000000000
missionExpansionVersion = 
saveMD5 = 
lastWriteTime = 637637350620000000
