vesselCount = 18
UT = 433754.79987636441
gameMode = CAREER
gameNull = False
kspVersion = 1.12.1
funds = 6275354.4729580181
science = 307
reputationPercent = 89
ongoingContracts = 14
missionCurrentScore = 0
missionIsStarted = False
missionIsEnded = False
missionHistoryId = 00000000-0000-0000-0000-000000000000
missionExpansionVersion = 
saveMD5 = 
lastWriteTime = 637635637380000000
