vesselCount = 9
UT = 163761.27690380393
gameMode = CAREER
gameNull = False
kspVersion = 1.11.0
funds = 1530744.2927565859
science = 140
reputationPercent = 73
ongoingContracts = 12
missionCurrentScore = 0
missionIsStarted = False
missionIsEnded = False
missionHistoryId = 00000000-0000-0000-0000-000000000000
missionExpansionVersion = 
saveMD5 = 
lastWriteTime = 637450304680000000
