vesselCount = 11
UT = 249150.01549024435
gameMode = CAREER
gameNull = False
kspVersion = 1.11.2
funds = 3481267.9931923221
science = 153
reputationPercent = 87
ongoingContracts = 14
missionCurrentScore = 0
missionIsStarted = False
missionIsEnded = False
missionHistoryId = 00000000-0000-0000-0000-000000000000
missionExpansionVersion = 
saveMD5 = 
lastWriteTime = 637601113230000000
