vesselCount = 11
UT = 170138.2806215724
gameMode = CAREER
gameNull = False
kspVersion = 1.11.0
funds = 1623956.777881362
science = 177
reputationPercent = 73
ongoingContracts = 14
missionCurrentScore = 0
missionIsStarted = False
missionIsEnded = False
missionHistoryId = 00000000-0000-0000-0000-000000000000
missionExpansionVersion = 
saveMD5 = 
lastWriteTime = 637467357710000000
