vesselCount = 9
UT = 171979.47721021681
gameMode = CAREER
gameNull = False
kspVersion = 1.11.0
funds = 1744923.8505559582
science = 243
reputationPercent = 73
ongoingContracts = 13
missionCurrentScore = 0
missionIsStarted = False
missionIsEnded = False
missionHistoryId = 00000000-0000-0000-0000-000000000000
missionExpansionVersion = 
saveMD5 = 
lastWriteTime = 637470542270000000
