vesselCount = 11
UT = 268101.11712702125
gameMode = CAREER
gameNull = False
kspVersion = 1.12.1
funds = 3992366.5192100806
science = 443
reputationPercent = 88
ongoingContracts = 14
missionCurrentScore = 0
missionIsStarted = False
missionIsEnded = False
missionHistoryId = 00000000-0000-0000-0000-000000000000
missionExpansionVersion = 
saveMD5 = 
lastWriteTime = 637607976340000000
