vesselCount = 10
UT = 154921.06352654993
gameMode = CAREER
gameNull = False
kspVersion = 1.11.0
funds = 1401078.7217404861
science = 140
reputationPercent = 72
ongoingContracts = 12
missionCurrentScore = 0
missionIsStarted = False
missionIsEnded = False
missionHistoryId = 00000000-0000-0000-0000-000000000000
missionExpansionVersion = 
saveMD5 = 
lastWriteTime = 637449912820000000
