vesselCount = 9
UT = 142728.52786687898
gameMode = CAREER
gameNull = False
kspVersion = 1.11.0
funds = 1124440.3783153412
science = 208
reputationPercent = 72
ongoingContracts = 13
missionCurrentScore = 0
missionIsStarted = False
missionIsEnded = False
missionHistoryId = 00000000-0000-0000-0000-000000000000
missionExpansionVersion = 
saveMD5 = 
lastWriteTime = 637449053050000000
