vesselCount = 9
UT = 167561.70026239633
gameMode = CAREER
gameNull = False
kspVersion = 1.11.0
funds = 1627124.2439606772
science = 202
reputationPercent = 73
ongoingContracts = 12
missionCurrentScore = 0
missionIsStarted = False
missionIsEnded = False
missionHistoryId = 00000000-0000-0000-0000-000000000000
missionExpansionVersion = 
saveMD5 = 
lastWriteTime = 637450385470000000
