vesselCount = 10
UT = 147125.05881660784
gameMode = CAREER
gameNull = False
kspVersion = 1.11.0
funds = 1256118.5586195537
science = 124
reputationPercent = 72
ongoingContracts = 14
missionCurrentScore = 0
missionIsStarted = False
missionIsEnded = False
missionHistoryId = 00000000-0000-0000-0000-000000000000
missionExpansionVersion = 
saveMD5 = 
lastWriteTime = 637449432610000000
