vesselCount = 12
UT = 250628.82733229134
gameMode = CAREER
gameNull = False
kspVersion = 1.11.2
funds = 3433039.8642860721
science = 153
reputationPercent = 87
ongoingContracts = 14
missionCurrentScore = 0
missionIsStarted = False
missionIsEnded = False
missionHistoryId = 00000000-0000-0000-0000-000000000000
missionExpansionVersion = 
saveMD5 = 
lastWriteTime = 637601530480000000
