vesselCount = 10
UT = 218650.09854012367
gameMode = CAREER
gameNull = False
kspVersion = 1.11.2
funds = 1353340.0259399831
science = 36
reputationPercent = 86
ongoingContracts = 14
missionCurrentScore = 0
missionIsStarted = False
missionIsEnded = False
missionHistoryId = 00000000-0000-0000-0000-000000000000
missionExpansionVersion = 
saveMD5 = 
lastWriteTime = 637599235420000000
