vesselCount = 6
UT = 224805.19380916306
gameMode = CAREER
gameNull = False
kspVersion = 1.11.0
funds = 1671669.3105964079
science = 144
reputationPercent = 78
ongoingContracts = 14
missionCurrentScore = 0
missionIsStarted = False
missionIsEnded = False
missionHistoryId = 00000000-0000-0000-0000-000000000000
missionExpansionVersion = 
saveMD5 = 
lastWriteTime = 637452787190000000
