vesselCount = 6
UT = 222361.58773602312
gameMode = CAREER
gameNull = False
kspVersion = 1.11.0
funds = 934836.24093550607
science = 104
reputationPercent = 77
ongoingContracts = 12
missionCurrentScore = 0
missionIsStarted = False
missionIsEnded = False
missionHistoryId = 00000000-0000-0000-0000-000000000000
missionExpansionVersion = 
saveMD5 = 
lastWriteTime = 637452751820000000
