vesselCount = 7
UT = 137484.48589566434
gameMode = CAREER
gameNull = False
kspVersion = 1.11.0
funds = 834718.86090053292
science = 193
reputationPercent = 71
ongoingContracts = 12
missionCurrentScore = 0
missionIsStarted = False
missionIsEnded = False
missionHistoryId = 00000000-0000-0000-0000-000000000000
missionExpansionVersion = 
saveMD5 = 
lastWriteTime = 637448597300000000
