vesselCount = 9
UT = 173989.11484592687
gameMode = CAREER
gameNull = False
kspVersion = 1.11.2
funds = 1743613.2260451932
science = 74
reputationPercent = 73
ongoingContracts = 13
missionCurrentScore = 0
missionIsStarted = False
missionIsEnded = False
missionHistoryId = 00000000-0000-0000-0000-000000000000
missionExpansionVersion = 
saveMD5 = 
lastWriteTime = 637596291950000000
