vesselCount = 13
UT = 226545.49352247224
gameMode = CAREER
gameNull = False
kspVersion = 1.11.2
funds = 1982308.1361084403
science = 87
reputationPercent = 87
ongoingContracts = 14
missionCurrentScore = 0
missionIsStarted = False
missionIsEnded = False
missionHistoryId = 00000000-0000-0000-0000-000000000000
missionExpansionVersion = 
saveMD5 = 
lastWriteTime = 637599753220000000
