vesselCount = 11
UT = 214627.46836923173
gameMode = CAREER
gameNull = False
kspVersion = 1.11.2
funds = 775951.93807220808
science = 161
reputationPercent = 76
ongoingContracts = 14
missionCurrentScore = 0
missionIsStarted = False
missionIsEnded = False
missionHistoryId = 00000000-0000-0000-0000-000000000000
missionExpansionVersion = 
saveMD5 = 
lastWriteTime = 637598080820000000
