vesselCount = 11
UT = 219426.11453974043
gameMode = CAREER
gameNull = False
kspVersion = 1.11.2
funds = 934059.05275154463
science = 179
reputationPercent = 76
ongoingContracts = 14
missionCurrentScore = 0
missionIsStarted = False
missionIsEnded = False
missionHistoryId = 00000000-0000-0000-0000-000000000000
missionExpansionVersion = 
saveMD5 = 
lastWriteTime = 637598522520000000
