vesselCount = 11
UT = 182226.51536394013
gameMode = CAREER
gameNull = False
kspVersion = 1.11.2
funds = 104899.99419504589
science = 369
reputationPercent = 74
ongoingContracts = 14
missionCurrentScore = 0
missionIsStarted = False
missionIsEnded = False
missionHistoryId = 00000000-0000-0000-0000-000000000000
missionExpansionVersion = 
saveMD5 = 
lastWriteTime = 637596974830000000
