vesselCount = 16
UT = 281259.67725549667
gameMode = CAREER
gameNull = False
kspVersion = 1.12.1
funds = 4375045.5244234456
science = 526
reputationPercent = 88
ongoingContracts = 15
missionCurrentScore = 0
missionIsStarted = False
missionIsEnded = False
missionHistoryId = 00000000-0000-0000-0000-000000000000
missionExpansionVersion = 
saveMD5 = 
lastWriteTime = 637612398030000000
