vesselCount = 16
UT = 331404.84894562885
gameMode = CAREER
gameNull = False
kspVersion = 1.12.1
funds = 6027901.7140927948
science = 228
reputationPercent = 89
ongoingContracts = 15
missionCurrentScore = 0
missionIsStarted = False
missionIsEnded = False
missionHistoryId = 00000000-0000-0000-0000-000000000000
missionExpansionVersion = 
saveMD5 = 
lastWriteTime = 637620105330000000
