vesselCount = 12
UT = 243584.18144021693
gameMode = CAREER
gameNull = False
kspVersion = 1.11.2
funds = 3363803.9613306141
science = 296
reputationPercent = 87
ongoingContracts = 13
missionCurrentScore = 0
missionIsStarted = False
missionIsEnded = False
missionHistoryId = 00000000-0000-0000-0000-000000000000
missionExpansionVersion = 
saveMD5 = 
lastWriteTime = 637600249910000000
