vesselCount = 7
UT = 200772.04571342023
gameMode = CAREER
gameNull = False
kspVersion = 1.11.0
funds = 477135.5438783397
science = 158
reputationPercent = 76
ongoingContracts = 14
missionCurrentScore = 0
missionIsStarted = False
missionIsEnded = False
missionHistoryId = 00000000-0000-0000-0000-000000000000
missionExpansionVersion = 
saveMD5 = 
lastWriteTime = 637451152330000000
