vesselCount = 18
UT = 428080.22241384414
gameMode = CAREER
gameNull = False
kspVersion = 1.12.1
funds = 6007604.9066199362
science = 281
reputationPercent = 89
ongoingContracts = 14
missionCurrentScore = 0
missionIsStarted = False
missionIsEnded = False
missionHistoryId = 00000000-0000-0000-0000-000000000000
missionExpansionVersion = 
saveMD5 = 
lastWriteTime = 637631333740000000
