vesselCount = 21
UT = 436383.85362537426
gameMode = CAREER
gameNull = False
kspVersion = 1.12.1
funds = 6397484.4719814556
science = 53
reputationPercent = 89
ongoingContracts = 14
missionCurrentScore = 0
missionIsStarted = False
missionIsEnded = False
missionHistoryId = 00000000-0000-0000-0000-000000000000
missionExpansionVersion = 
saveMD5 = 
lastWriteTime = 637635663000000000
