vesselCount = 7
UT = 200013.77711985915
gameMode = CAREER
gameNull = False
kspVersion = 1.11.0
funds = 402687.15732839005
science = 158
reputationPercent = 76
ongoingContracts = 12
missionCurrentScore = 0
missionIsStarted = False
missionIsEnded = False
missionHistoryId = 00000000-0000-0000-0000-000000000000
missionExpansionVersion = 
saveMD5 = 
lastWriteTime = 637451146700000000
