vesselCount = 14
UT = 225195.42734127527
gameMode = CAREER
gameNull = False
kspVersion = 1.11.2
funds = 2391356.5245285453
science = 87
reputationPercent = 87
ongoingContracts = 14
missionCurrentScore = 0
missionIsStarted = False
missionIsEnded = False
missionHistoryId = 00000000-0000-0000-0000-000000000000
missionExpansionVersion = 
saveMD5 = 
lastWriteTime = 637599741030000000
