vesselCount = 19
UT = 365922.13558797038
gameMode = CAREER
gameNull = False
kspVersion = 1.12.1
funds = 5988473.2135771811
science = 145
reputationPercent = 89
ongoingContracts = 14
missionCurrentScore = 0
missionIsStarted = False
missionIsEnded = False
missionHistoryId = 00000000-0000-0000-0000-000000000000
missionExpansionVersion = 
saveMD5 = 
lastWriteTime = 637628730120000000
