vesselCount = 14
UT = 275514.70961186051
gameMode = CAREER
gameNull = False
kspVersion = 1.12.1
funds = 4281566.3982464876
science = 493
reputationPercent = 88
ongoingContracts = 15
missionCurrentScore = 0
missionIsStarted = False
missionIsEnded = False
missionHistoryId = 00000000-0000-0000-0000-000000000000
missionExpansionVersion = 
saveMD5 = 
lastWriteTime = 637610608240000000
