vesselCount = 19
UT = 355546.88222706859
gameMode = CAREER
gameNull = False
kspVersion = 1.12.1
funds = 5973848.2135771811
science = 144
reputationPercent = 89
ongoingContracts = 14
missionCurrentScore = 0
missionIsStarted = False
missionIsEnded = False
missionHistoryId = 00000000-0000-0000-0000-000000000000
missionExpansionVersion = 
saveMD5 = 
lastWriteTime = 637626164710000000
