vesselCount = 8
UT = 211617.0044683452
gameMode = CAREER
gameNull = False
kspVersion = 1.11.0
funds = 760356.35761859315
science = 17
reputationPercent = 76
ongoingContracts = 14
missionCurrentScore = 0
missionIsStarted = False
missionIsEnded = False
missionHistoryId = 00000000-0000-0000-0000-000000000000
missionExpansionVersion = 
saveMD5 = 
lastWriteTime = 637452377660000000
