vesselCount = 14
UT = 324979.85925537487
gameMode = CAREER
gameNull = False
kspVersion = 1.12.1
funds = 5847740.3665238181
science = 496
reputationPercent = 89
ongoingContracts = 15
missionCurrentScore = 0
missionIsStarted = False
missionIsEnded = False
missionHistoryId = 00000000-0000-0000-0000-000000000000
missionExpansionVersion = 
saveMD5 = 
lastWriteTime = 637619126910000000
