vesselCount = 10
UT = 173054.35720965371
gameMode = CAREER
gameNull = False
kspVersion = 1.11.2
funds = 1707779.5992169995
science = 302
reputationPercent = 73
ongoingContracts = 13
missionCurrentScore = 0
missionIsStarted = False
missionIsEnded = False
missionHistoryId = 00000000-0000-0000-0000-000000000000
missionExpansionVersion = 
saveMD5 = 
lastWriteTime = 637596278790000000
