vesselCount = 11
UT = 222366.25663200303
gameMode = CAREER
gameNull = False
kspVersion = 1.11.2
funds = 2374625.520913166
science = 86
reputationPercent = 87
ongoingContracts = 14
missionCurrentScore = 0
missionIsStarted = False
missionIsEnded = False
missionHistoryId = 00000000-0000-0000-0000-000000000000
missionExpansionVersion = 
saveMD5 = 
lastWriteTime = 637599348300000000
