vesselCount = 11
UT = 157052.22562557878
gameMode = CAREER
gameNull = False
kspVersion = 1.11.0
funds = 1415223.7196691055
science = 140
reputationPercent = 72
ongoingContracts = 14
missionCurrentScore = 0
missionIsStarted = False
missionIsEnded = False
missionHistoryId = 00000000-0000-0000-0000-000000000000
missionExpansionVersion = 
saveMD5 = 
lastWriteTime = 637467209080000000
