vesselCount = 12
UT = 178430.16799066073
gameMode = CAREER
gameNull = False
kspVersion = 1.11.2
funds = 1708798.6031261105
science = 298
reputationPercent = 73
ongoingContracts = 14
missionCurrentScore = 0
missionIsStarted = False
missionIsEnded = False
missionHistoryId = 00000000-0000-0000-0000-000000000000
missionExpansionVersion = 
saveMD5 = 
lastWriteTime = 637596929770000000
