vesselCount = 17
UT = 332608.65070884977
gameMode = CAREER
gameNull = False
kspVersion = 1.12.1
funds = 5952302.7140927948
science = 229
reputationPercent = 89
ongoingContracts = 15
missionCurrentScore = 0
missionIsStarted = False
missionIsEnded = False
missionHistoryId = 00000000-0000-0000-0000-000000000000
missionExpansionVersion = 
saveMD5 = 
lastWriteTime = 637620122250000000
