vesselCount = 7
UT = 204005.52709878382
gameMode = CAREER
gameNull = False
kspVersion = 1.11.0
funds = 448817.24345233338
science = 112
reputationPercent = 76
ongoingContracts = 14
missionCurrentScore = 0
missionIsStarted = False
missionIsEnded = False
missionHistoryId = 00000000-0000-0000-0000-000000000000
missionExpansionVersion = 
saveMD5 = 
lastWriteTime = 637451988620000000
