vesselCount = 10
UT = 191685.74868564963
gameMode = CAREER
gameNull = False
kspVersion = 1.11.0
funds = 871295.97847404378
science = 220
reputationPercent = 75
ongoingContracts = 12
missionCurrentScore = 0
missionIsStarted = False
missionIsEnded = False
missionHistoryId = 00000000-0000-0000-0000-000000000000
missionExpansionVersion = 
saveMD5 = 
lastWriteTime = 637451018960000000
