vesselCount = 10
UT = 150192.61582752535
gameMode = CAREER
gameNull = False
kspVersion = 1.11.0
funds = 1328884.9544467945
science = 131
reputationPercent = 72
ongoingContracts = 13
missionCurrentScore = 0
missionIsStarted = False
missionIsEnded = False
missionHistoryId = 00000000-0000-0000-0000-000000000000
missionExpansionVersion = 
saveMD5 = 
lastWriteTime = 637449457200000000
