vesselCount = 11
UT = 262956.8368024365
gameMode = CAREER
gameNull = False
kspVersion = 1.12.1
funds = 3497191.433667786
science = 241
reputationPercent = 88
ongoingContracts = 14
missionCurrentScore = 0
missionIsStarted = False
missionIsEnded = False
missionHistoryId = 00000000-0000-0000-0000-000000000000
missionExpansionVersion = 
saveMD5 = 
lastWriteTime = 637607118420000000
