vesselCount = 10
UT = 162512.80165039789
gameMode = CAREER
gameNull = False
kspVersion = 1.11.0
funds = 1447411.718692543
science = 140
reputationPercent = 72
ongoingContracts = 13
missionCurrentScore = 0
missionIsStarted = False
missionIsEnded = False
missionHistoryId = 00000000-0000-0000-0000-000000000000
missionExpansionVersion = 
saveMD5 = 
lastWriteTime = 637450254300000000
