vesselCount = 7
UT = 221137.98297084621
gameMode = CAREER
gameNull = False
kspVersion = 1.11.0
funds = 914683.09640997811
science = 83
reputationPercent = 77
ongoingContracts = 12
missionCurrentScore = 0
missionIsStarted = False
missionIsEnded = False
missionHistoryId = 00000000-0000-0000-0000-000000000000
missionExpansionVersion = 
saveMD5 = 
lastWriteTime = 637452731770000000
