vesselCount = 13
UT = 223144.80965898407
gameMode = CAREER
gameNull = False
kspVersion = 1.11.2
funds = 2346947.5206222953
science = 87
reputationPercent = 87
ongoingContracts = 14
missionCurrentScore = 0
missionIsStarted = False
missionIsEnded = False
missionHistoryId = 00000000-0000-0000-0000-000000000000
missionExpansionVersion = 
saveMD5 = 
lastWriteTime = 637599382640000000
