vesselCount = 13
UT = 270363.25825824559
gameMode = CAREER
gameNull = False
kspVersion = 1.12.1
funds = 3954915.5113975806
science = 447
reputationPercent = 88
ongoingContracts = 14
missionCurrentScore = 0
missionIsStarted = False
missionIsEnded = False
missionHistoryId = 00000000-0000-0000-0000-000000000000
missionExpansionVersion = 
saveMD5 = 
lastWriteTime = 637608007360000000
