vesselCount = 17
UT = 458095.30458289676
gameMode = CAREER
gameNull = False
kspVersion = 1.12.2
funds = 6701636.108978793
science = 86
reputationPercent = 90
ongoingContracts = 14
missionCurrentScore = 0
missionIsStarted = False
missionIsEnded = False
missionHistoryId = 00000000-0000-0000-0000-000000000000
missionExpansionVersion = 
saveMD5 = 
lastWriteTime = 637650376120000000
