vesselCount = 9
UT = 145650.66491094331
gameMode = CAREER
gameNull = False
kspVersion = 1.11.0
funds = 1185012.3011712381
science = 124
reputationPercent = 72
ongoingContracts = 12
missionCurrentScore = 0
missionIsStarted = False
missionIsEnded = False
missionHistoryId = 00000000-0000-0000-0000-000000000000
missionExpansionVersion = 
saveMD5 = 
lastWriteTime = 637449346600000000
