vesselCount = 15
UT = 278208.90148796333
gameMode = CAREER
gameNull = False
kspVersion = 1.12.1
funds = 4420450.6259859456
science = 526
reputationPercent = 88
ongoingContracts = 15
missionCurrentScore = 0
missionIsStarted = False
missionIsEnded = False
missionHistoryId = 00000000-0000-0000-0000-000000000000
missionExpansionVersion = 
saveMD5 = 
lastWriteTime = 637611450990000000
