vesselCount = 18
UT = 295069.99792021286
gameMode = CAREER
gameNull = False
kspVersion = 1.12.1
funds = 4597179.4189437963
science = 553
reputationPercent = 88
ongoingContracts = 15
missionCurrentScore = 0
missionIsStarted = False
missionIsEnded = False
missionHistoryId = 00000000-0000-0000-0000-000000000000
missionExpansionVersion = 
saveMD5 = 
lastWriteTime = 637613340940000000
