vesselCount = 19
UT = 443396.45644595777
gameMode = CAREER
gameNull = False
kspVersion = 1.12.2
funds = 6433226.9077591393
science = 56
reputationPercent = 89
ongoingContracts = 14
missionCurrentScore = 0
missionIsStarted = False
missionIsEnded = False
missionHistoryId = 00000000-0000-0000-0000-000000000000
missionExpansionVersion = 
saveMD5 = 
lastWriteTime = 637636496160000000
