vesselCount = 11
UT = 210824.52456971887
gameMode = CAREER
gameNull = False
kspVersion = 1.11.2
funds = 1119087.0641149739
science = 159
reputationPercent = 75
ongoingContracts = 14
missionCurrentScore = 0
missionIsStarted = False
missionIsEnded = False
missionHistoryId = 00000000-0000-0000-0000-000000000000
missionExpansionVersion = 
saveMD5 = 
lastWriteTime = 637598371670000000
