vesselCount = 8
UT = 134933.64004088778
gameMode = CAREER
gameNull = False
kspVersion = 1.11.0
funds = 639161.54788924439
science = 182
reputationPercent = 71
ongoingContracts = 11
missionCurrentScore = 0
missionIsStarted = False
missionIsEnded = False
missionHistoryId = 00000000-0000-0000-0000-000000000000
missionExpansionVersion = 
saveMD5 = 
lastWriteTime = 637438691020000000
