vesselCount = 19
UT = 451861.22802634421
gameMode = CAREER
gameNull = False
kspVersion = 1.12.2
funds = 6518612.4046326131
science = 65
reputationPercent = 89
ongoingContracts = 14
missionCurrentScore = 0
missionIsStarted = False
missionIsEnded = False
missionHistoryId = 00000000-0000-0000-0000-000000000000
missionExpansionVersion = 
saveMD5 = 
lastWriteTime = 637637373440000000
