vesselCount = 18
UT = 456205.23033398832
gameMode = CAREER
gameNull = False
kspVersion = 1.12.2
funds = 6545652.4046326131
science = 72
reputationPercent = 90
ongoingContracts = 14
missionCurrentScore = 0
missionIsStarted = False
missionIsEnded = False
missionHistoryId = 00000000-0000-0000-0000-000000000000
missionExpansionVersion = 
saveMD5 = 
lastWriteTime = 637650351500000000
