vesselCount = 19
UT = 353884.79080283805
gameMode = CAREER
gameNull = False
kspVersion = 1.12.1
funds = 5975514.1686352789
science = 278
reputationPercent = 89
ongoingContracts = 14
missionCurrentScore = 0
missionIsStarted = False
missionIsEnded = False
missionHistoryId = 00000000-0000-0000-0000-000000000000
missionExpansionVersion = 
saveMD5 = 
lastWriteTime = 637626147390000000
