vesselCount = 16
UT = 327785.41707061132
gameMode = CAREER
gameNull = False
kspVersion = 1.12.1
funds = 5803444.7778890617
science = 507
reputationPercent = 89
ongoingContracts = 14
missionCurrentScore = 0
missionIsStarted = False
missionIsEnded = False
missionHistoryId = 00000000-0000-0000-0000-000000000000
missionExpansionVersion = 
saveMD5 = 
lastWriteTime = 637619258640000000
