vesselCount = 14
UT = 276872.72326493543
gameMode = CAREER
gameNull = False
kspVersion = 1.12.1
funds = 4461123.6259859456
science = 526
reputationPercent = 88
ongoingContracts = 15
missionCurrentScore = 0
missionIsStarted = False
missionIsEnded = False
missionHistoryId = 00000000-0000-0000-0000-000000000000
missionExpansionVersion = 
saveMD5 = 
lastWriteTime = 637610619160000000
