vesselCount = 13
UT = 254999.77232639864
gameMode = CAREER
gameNull = False
kspVersion = 1.12.0
funds = 3371747.8642860721
science = 158
reputationPercent = 87
ongoingContracts = 14
missionCurrentScore = 0
missionIsStarted = False
missionIsEnded = False
missionHistoryId = 00000000-0000-0000-0000-000000000000
missionExpansionVersion = 
saveMD5 = 
lastWriteTime = 637604592090000000
