vesselCount = 21
UT = 440507.22136036854
gameMode = CAREER
gameNull = False
kspVersion = 1.12.1
funds = 6400454.4719814556
science = 53
reputationPercent = 89
ongoingContracts = 14
missionCurrentScore = 0
missionIsStarted = False
missionIsEnded = False
missionHistoryId = 00000000-0000-0000-0000-000000000000
missionExpansionVersion = 
saveMD5 = 
lastWriteTime = 637635670940000000
