vesselCount = 11
UT = 249045.79549029894
gameMode = CAREER
gameNull = False
kspVersion = 1.11.2
funds = 3481267.9931923221
science = 153
reputationPercent = 87
ongoingContracts = 14
missionCurrentScore = 0
missionIsStarted = False
missionIsEnded = False
missionHistoryId = 00000000-0000-0000-0000-000000000000
missionExpansionVersion = 
saveMD5 = 
lastWriteTime = 637601111210000000
