vesselCount = 18
UT = 422053.15783681354
gameMode = CAREER
gameNull = False
kspVersion = 1.12.1
funds = 6007604.9066199362
science = 197
reputationPercent = 89
ongoingContracts = 14
missionCurrentScore = 0
missionIsStarted = False
missionIsEnded = False
missionHistoryId = 00000000-0000-0000-0000-000000000000
missionExpansionVersion = 
saveMD5 = 
lastWriteTime = 637630488180000000
