vesselCount = 14
UT = 270962.50755563995
gameMode = CAREER
gameNull = False
kspVersion = 1.12.1
funds = 4179395.5148546491
science = 477
reputationPercent = 88
ongoingContracts = 15
missionCurrentScore = 0
missionIsStarted = False
missionIsEnded = False
missionHistoryId = 00000000-0000-0000-0000-000000000000
missionExpansionVersion = 
saveMD5 = 
lastWriteTime = 637608027080000000
