vesselCount = 17
UT = 302555.04212318029
gameMode = CAREER
gameNull = False
kspVersion = 1.12.1
funds = 4898261.0560623882
science = 583
reputationPercent = 88
ongoingContracts = 15
missionCurrentScore = 0
missionIsStarted = False
missionIsEnded = False
missionHistoryId = 00000000-0000-0000-0000-000000000000
missionExpansionVersion = 
saveMD5 = 
lastWriteTime = 637614075600000000
