vesselCount = 19
UT = 344222.13456683204
gameMode = CAREER
gameNull = False
kspVersion = 1.12.1
funds = 5924966.4311863482
science = 243
reputationPercent = 89
ongoingContracts = 15
missionCurrentScore = 0
missionIsStarted = False
missionIsEnded = False
missionHistoryId = 00000000-0000-0000-0000-000000000000
missionExpansionVersion = 
saveMD5 = 
lastWriteTime = 637624408220000000
