vesselCount = 3
UT = 120817.6563476161
gameMode = CAREER
gameNull = False
kspVersion = 1.10.1
funds = 1180090.3631953928
science = 137
reputationPercent = 69
ongoingContracts = 13
missionCurrentScore = 0
missionIsStarted = False
missionIsEnded = False
missionHistoryId = 00000000-0000-0000-0000-000000000000
missionExpansionVersion = 
saveMD5 = 
lastWriteTime = 637438631190000000
