vesselCount = 12
UT = 260234.44848064505
gameMode = CAREER
gameNull = False
kspVersion = 1.12.1
funds = 3523501.933667786
science = 241
reputationPercent = 88
ongoingContracts = 14
missionCurrentScore = 0
missionIsStarted = False
missionIsEnded = False
missionHistoryId = 00000000-0000-0000-0000-000000000000
missionExpansionVersion = 
saveMD5 = 
lastWriteTime = 637606268030000000
