vesselCount = 11
UT = 267807.13712674746
gameMode = CAREER
gameNull = False
kspVersion = 1.12.1
funds = 3534844.7715183566
science = 390
reputationPercent = 88
ongoingContracts = 14
missionCurrentScore = 0
missionIsStarted = False
missionIsEnded = False
missionHistoryId = 00000000-0000-0000-0000-000000000000
missionExpansionVersion = 
saveMD5 = 
lastWriteTime = 637607158510000000
