vesselCount = 20
UT = 445826.80670562811
gameMode = CAREER
gameNull = False
kspVersion = 1.12.2
funds = 6420494.9067825768
science = 56
reputationPercent = 89
ongoingContracts = 14
missionCurrentScore = 0
missionIsStarted = False
missionIsEnded = False
missionHistoryId = 00000000-0000-0000-0000-000000000000
missionExpansionVersion = 
saveMD5 = 
lastWriteTime = 637636516440000000
