vesselCount = 11
UT = 218089.42051783603
gameMode = CAREER
gameNull = False
kspVersion = 1.11.2
funds = 1165433.5772104296
science = 35
reputationPercent = 86
ongoingContracts = 14
missionCurrentScore = 0
missionIsStarted = False
missionIsEnded = False
missionHistoryId = 00000000-0000-0000-0000-000000000000
missionExpansionVersion = 
saveMD5 = 
lastWriteTime = 637598870570000000
