vesselCount = 12
UT = 178744.50799049606
gameMode = CAREER
gameNull = False
kspVersion = 1.11.2
funds = 1708098.1233716626
science = 334
reputationPercent = 73
ongoingContracts = 14
missionCurrentScore = 0
missionIsStarted = False
missionIsEnded = False
missionHistoryId = 00000000-0000-0000-0000-000000000000
missionExpansionVersion = 
saveMD5 = 
lastWriteTime = 637596937050000000
