vesselCount = 12
UT = 175830.54714966379
gameMode = CAREER
gameNull = False
kspVersion = 1.11.2
funds = 1712158.9291177411
science = 119
reputationPercent = 73
ongoingContracts = 14
missionCurrentScore = 0
missionIsStarted = False
missionIsEnded = False
missionHistoryId = 00000000-0000-0000-0000-000000000000
missionExpansionVersion = 
saveMD5 = 
lastWriteTime = 637596373720000000
