vesselCount = 12
UT = 208433.44001701011
gameMode = CAREER
gameNull = False
kspVersion = 1.11.2
funds = 821859.65471212659
science = 303
reputationPercent = 75
ongoingContracts = 14
missionCurrentScore = 0
missionIsStarted = False
missionIsEnded = False
missionHistoryId = 00000000-0000-0000-0000-000000000000
missionExpansionVersion = 
saveMD5 = 
lastWriteTime = 637598371670000000
