vesselCount = 18
UT = 333967.71900407475
gameMode = CAREER
gameNull = False
kspVersion = 1.12.1
funds = 5961623.7140927948
science = 229
reputationPercent = 89
ongoingContracts = 15
missionCurrentScore = 0
missionIsStarted = False
missionIsEnded = False
missionHistoryId = 00000000-0000-0000-0000-000000000000
missionExpansionVersion = 
saveMD5 = 
lastWriteTime = 637622702740000000
